059059 084104101 102105114115116 116104114101101 108105110101115 111102 116104105115 102105108101 119101114101 105110115101114116101100 098121 068114082097099107101116046 084104101121 114101099111114100 109101116097100097116097
059059 097098111117116 116104101 108097110103117097103101 108101118101108 111102 116104105115 102105108101 105110 097 102111114109 116104097116 111117114 116111111108115 099097110 101097115105108121 112114111099101115115046
035114101097100101114040108105098 034104116100112045098101103105110110101114045114101097100101114046115115034 034108097110103034041040040109111100110097109101 116116116041 040114101097100045099097115101045115101110115105116105118101 035116041 040116101097099104112097099107115 040040108105098 034105109097103101046114107116034 034116101097099104112097099107034 034050104116100112034041041041 040104116100112045115101116116105110103115 035040035116 099111110115116114117099116111114 114101112101097116105110103045100101099105109097108 035102 035116 110111110101 035102 040040108105098 034105109097103101046114107116034 034116101097099104112097099107034 034050104116100112034041041 035102041041041
084084084



080117116 117112 105110 097 112108097099101

119104101114101 105116039115 101097115121 116111 115101101

116104101 099114121112116105099 097100109111110105115104109101110116

084046084046084046



087104101110 121111117 102101101108 104111119 100101112114101115115105110103108121

115108111119108121 121111117 099108105109098044

105116039115 119101108108 116111 114101109101109098101114 116104097116

084104105110103115 084097107101 084105109101046



080105101116 072101105110
